5 0.754984375 0.14568750000000003 0.15840625 0.28962499999999997
0 0.07021875 0.24587499999999998 0.07795312499999998 0.49174999999999996
3 0.97890625 0.5854166666666667 0.0421875 0.8166666666666667
2 0.5245625 0.7418333333333333 0.04914062500000007 0.39860416666666676
6 0.22189062499999998 0.7314166666666666 0.053156249999999995 0.36737500000000006
6 0.37290625 0.6542083333333333 0.04268749999999999 0.2546041666666667
6 0.329625 0.6004166666666666 0.03032812500000004 0.17827083333333338
2 0.59096875 0.6264375 0.04129687499999992 0.2511458333333333
6 0.7575937500000001 0.6446666666666666 0.03082812500000003 0.2355208333333333
6 0.8575156249999999 0.7466041666666666 0.05487499999999983 0.40293749999999995
2 0.4851875 0.6038958333333333 0.021156249999999942 0.17479166666666662