5 0.331890625 0.5851875 0.060250000000000005 0.0939791666666667
0 0.188078125 0.5642708333333334 0.010171874999999986 0.24229166666666663
6 0.152296875 0.671625 0.010640625000000004 0.12862500000000002
2 0.23923437500000003 0.6683333333333333 0.012156249999999957 0.10639583333333344
6 0.260703125 0.6526041666666667 0.011296875000000029 0.11447916666666676
6 0.327125 0.6930208333333333 0.011593750000000024 0.1196041666666666
6 0.40151562500000004 0.6692916666666666 0.010312500000000035 0.11958333333333329
6 0.446796875 0.6587291666666667 0.011875000000000035 0.10524999999999997
2 0.41507812499999996 0.6508125 0.005234375000000036 0.08716666666666674
2 0.598765625 0.804625 0.023046875 0.23539583333333336
6 0.6790468749999999 0.6973125 0.020578124999999937 0.14425000000000002
6 0.635 0.7467291666666667 0.02387499999999996 0.17393750000000002
6 0.50028125 0.7377916666666666 0.02243750000000002 0.16593749999999996
6 0.804296875 0.8551458333333334 0.02531250000000007 0.2754791666666667
6 0.9795624999999999 0.8049166666666667 0.017703124999999886 0.21785416666666654
2 0.809234375 0.7386041666666666 0.016671875000000114 0.14945833333333336
2 0.794109375 0.7159583333333334 0.014000000000000058 0.15850000000000009
6 0.9594843750000001 0.7228541666666667 0.006156250000000085 0.14547916666666674
3 0.47534375000000006 0.7473124999999999 0.015218750000000014 0.35127083333333337