4 0.37465625 0.6289374999999999 0.08489062499999997 0.11339583333333322
2 0.201671875 0.7643749999999999 0.038921875000000015 0.41916666666666674
3 0.9852187499999999 0.7780625000000001 0.029562500000000113 0.4438749999999999
5 0.8513125 0.6398958333333333 0.09596875000000012 0.12191666666666663
0 0.385890625 0.7672291666666666 0.018796874999999956 0.16987499999999991
0 0.453 0.7061458333333334 0.012078125000000028 0.1308958333333334
0 0.49176562500000004 0.6694375 0.01107812500000005 0.08970833333333346
6 0.30434375 0.7432916666666666 0.016781250000000015 0.18910416666666663
6 0.57509375 0.7700208333333334 0.0069687500000000565 0.13464583333333333
1 0.5782499999999999 0.5757083333333333 0.022390625000000063 0.2701874999999999
6 0.17845 0.9342208333333333 0.1911203125 0.6815729166666666 0.17633749999999998 0.6815729166666666 0.1615546875 0.9339 0.17845 0.9342208333333333