3 0.30012500000000003 0.7350833333333333 0.017093749999999998 0.3498749999999999
5 0.15037499999999998 0.58175 0.07092187500000002 0.0913333333333334
2 0.090546875 0.6894375 0.012031250000000004 0.12939583333333335
6 0.190703125 0.6988958333333334 0.01121875000000001 0.13227083333333337
6 0.269859375 0.6681458333333333 0.008718749999999975 0.11810416666666654
2 0.1950625 0.6499583333333334 0.006859374999999978 0.0854791666666666
6 0.220625 0.6440416666666666 0.01121875000000001 0.0848541666666667
2 0.44535937499999995 0.7832916666666667 0.015734375000000078 0.2287499999999999
6 0.339421875 0.7568750000000001 0.017921875000000042 0.1946041666666666
6 0.494203125 0.7184375000000001 0.014328124999999936 0.17133333333333337
6 0.5465625000000001 0.6788333333333333 0.010593749999999957 0.1332708333333334
2 0.6490781250000001 0.7197916666666667 0.015578125000000043 0.21268750000000006
6 0.62609375 0.8329166666666666 0.021250000000000036 0.2835208333333334
6 0.7920625 0.7375833333333334 0.020109375000000006 0.2555208333333333
6 0.31975 0.6557291666666667 0.010687499999999961 0.10020833333333339