0 0.529125 0.40862499999999996 0.019187499999999958 0.26343750000000005
4 0.19975 0.37393750000000003 0.11043750000000001 0.12112499999999997
5 0.7826562499999999 0.3865208333333333 0.10826562499999995 0.14108333333333328
1 0.021406249999999998 0.5782291666666667 0.042812499999999996 0.5557708333333333
2 0.8760625 0.717125 0.025546874999999858 0.2189791666666667
2 0.92553125 0.672875 0.0229375000000001 0.1825625
2 0.24825 0.6095416666666666 0.016031249999999986 0.13920833333333343
6 0.6550625 0.7210416666666667 0.03279687500000002 0.23200000000000004
6 0.793390625 0.6897916666666667 0.03209374999999994 0.20077083333333334
6 0.131703125 0.6212916666666667 0.01004687500000001 0.1585208333333334
6 0.37134375 0.6431875 0.008249999999999957 0.1486875
6 0.7735000000000001 0.6484583333333334 0.008187500000000014 0.14791666666666667
2 0.3399375 0.6060625000000001 0.010749999999999992 0.10427083333333324
6 0.431328125 0.6288333333333332 0.007750000000000057 0.13245833333333343
2 0.418828125 0.613 0.006750000000000078 0.09277083333333327