1 0.00871875 0.2900625 0.017421875000000003 0.1923125
4 0.072421875 0.2267708333333333 0.06309375000000002 0.13781250000000003
5 0.51021875 0.09856250000000001 0.17428124999999994 0.19712500000000002
0 0.177890625 0.17747916666666666 0.152640625 0.334125
6 0.9633437499999999 0.7199583333333333 0.036062499999999886 0.27322916666666663
6 0.705828125 0.5753125 0.015031250000000006 0.125
2 0.6156875 0.542875 0.015031250000000006 0.1001666666666667
6 0.519234375 0.5316458333333334 0.01682812499999997 0.12100000000000002
6 0.8188124999999999 0.5717083333333334 0.009015624999999972 0.12260416666666671
2 0.7244531249999999 0.5472708333333334 0.010218749999999943 0.09774999999999998
6 0.9086562499999999 0.5737083333333334 0.0072187499999998295 0.10897916666666661