3 0.271 0.7298958333333334 0.022953124999999998 0.346375
5 0.1134375 0.57975 0.06796875 0.0884375000000001
2 0.039718750000000004 0.6762916666666666 0.010593750000000002 0.1191249999999999
6 0.07509375 0.6519999999999999 0.007281249999999994 0.10995833333333328
6 0.145140625 0.6931041666666666 0.012890625 0.12941666666666668
6 0.15131250000000002 0.6453541666666667 0.006718750000000018 0.0821041666666666
6 0.230609375 0.6710416666666668 0.010640625000000004 0.11668749999999999
6 0.17709375 0.6418125 0.012890625 0.09293750000000003
2 0.41371874999999997 0.7860208333333334 0.016249999999999966 0.23456250000000006
6 0.300234375 0.76825 0.01960937500000002 0.17591666666666678
6 0.510671875 0.69 0.021859375000000014 0.13666666666666671
6 0.458125 0.7413124999999999 0.015968750000000042 0.14400000000000002
6 0.597171875 0.8452291666666666 0.026125000000000044 0.2973125000000001
6 0.753140625 0.7533333333333334 0.01668749999999992 0.2539791666666666
2 0.616953125 0.7155208333333333 0.012265625000000035 0.12960416666666674
2 0.6105 0.6830208333333334 0.007093749999999943 0.09558333333333333