4 0.20553125 0.3409375 0.11539062499999997 0.14022916666666668
1 0.027640625000000002 0.5476666666666666 0.055281250000000004 0.5552916666666666
0 0.54746875 0.3830208333333333 0.028843750000000057 0.27243750000000005
5 0.8046875 0.3717916666666667 0.11298437499999991 0.15545833333333334
6 0.6610625 0.6654583333333334 0.018031249999999943 0.17708333333333334
2 0.8870156250000001 0.699125 0.021640624999999858 0.2267708333333334
6 0.8046875 0.642625 0.012015625000000085 0.14743749999999997
6 0.7875625 0.613375 0.010218749999999943 0.11137500000000007
2 0.938703125 0.6322083333333333 0.00840625000000017 0.12981250000000014
2 0.259015625 0.5837291666666666 0.007218750000000007 0.10656249999999995
6 0.141828125 0.5905416666666666 0.014421874999999983 0.13620833333333332
6 0.38190625 0.6061666666666666 0.010218750000000032 0.11458333333333333
2 0.348859375 0.5753125 0.010218750000000032 0.08493749999999996