1 0.268609375 0.6771458333333332 0.025499999999999988 0.30966666666666665
3 0.91484375 0.775 0.0390625 0.45
4 0.35071875 0.5612916666666667 0.05321875 0.08047916666666666
5 0.707203125 0.5700625 0.07757812499999997 0.10570833333333335
0 0.5379375 0.5570625 0.01218749999999993 0.23360416666666667
2 0.50346875 0.6523958333333333 0.014421875000000028 0.10112499999999992
6 0.422171875 0.6435625 0.014828125000000015 0.11956249999999997
2 0.5838281249999999 0.6322708333333333 0.007828124999999986 0.10035416666666658
6 0.8010468749999999 0.7718958333333333 0.026890625000000057 0.2254791666666667
2 0.985578125 0.8429166666666668 0.028828125000000072 0.2929791666666667
6 0.5174531250000001 0.624375 0.004656250000000028 0.10147916666666675