4 0.105375 0.6186458333333333 0.06231249999999999 0.08975000000000008
5 0.439296875 0.623 0.07390624999999992 0.09841666666666668
0 0.290234375 0.6420833333333333 0.017984374999999986 0.16783333333333345
3 0.602671875 0.7947708333333333 0.03348437499999992 0.37947916666666665
1 0.014249999999999999 0.7448750000000001 0.028499999999999998 0.31616666666666665
2 0.70259375 0.8199583333333333 0.02628125000000008 0.19029166666666672
2 0.889734375 0.7605208333333333 0.029468749999999842 0.17035416666666664
6 0.21928125 0.704125 0.032328125 0.14089583333333333
2 0.917078125 0.7774583333333334 0.029453124999999858 0.1573333333333333
6 0.76053125 0.7357916666666667 0.02496875000000003 0.1573541666666666
6 0.564921875 0.8260416666666667 0.02048437500000002 0.16077083333333325
6 0.946671875 0.8815416666666667 0.022906250000000128 0.23691666666666672
2 0.30584375 0.7031041666666666 0.00831249999999999 0.1142916666666667
6 0.32209374999999996 0.6834375 0.009078125000000003 0.10520833333333333
2 0.39109375 0.67675 0.006421875000000021 0.07822916666666657
6 0.50734375 0.6853333333333332 0.00756250000000005 0.10141666666666656
6 0.465375 0.7174791666666667 0.009828124999999943 0.08556250000000011