3 0.27149999999999996 0.7342291666666667 0.02073437499999997 0.35141666666666654
5 0.120984375 0.5811875000000001 0.07039062500000001 0.09564583333333326
2 0.07179687500000001 0.6778125 0.015390624999999991 0.13049999999999998
2 0.177078125 0.6524583333333334 0.0072343749999999925 0.10741666666666679
6 0.170484375 0.6941666666666666 0.016656249999999994 0.14308333333333323
2 0.42925 0.7849166666666666 0.019484375000000043 0.2265416666666667
6 0.607125 0.8459166666666668 0.018859375000000077 0.2806458333333334
6 0.53059375 0.6817916666666667 0.01476562500000007 0.1359375
2 0.63509375 0.7065208333333334 0.01821874999999995 0.16027083333333347
6 0.7719375 0.7379791666666667 0.012890625 0.2483125000000001
6 0.31643750000000004 0.7358750000000001 0.027656249999999983 0.23406250000000003