0 0.15534375 0.43989583333333326 0.08714062500000001 0.24839583333333332
4 0.03275 0.4371041666666667 0.0655 0.1081666666666667
5 0.375 0.3922291666666667 0.11057812499999997 0.14983333333333337
3 0.65384375 0.659625 0.08414062500000004 0.6766041666666667
2 0.96815625 0.7788541666666667 0.02403125000000017 0.3333333333333333
6 0.57271875 0.6037708333333334 0.010812499999999937 0.12260416666666671
6 0.40774999999999995 0.5769166666666667 0.009015624999999972 0.11379166666666668
2 0.4951875 0.576125 0.008406249999999994 0.09614583333333329
2 0.589546875 0.5665 0.007218750000000007 0.08654166666666666
6 0.520734375 0.5601041666666667 0.0078125 0.10095833333333334
6 0.749703125 0.703125 0.015031250000000006 0.2107291666666666