1 0.267796875 0.6895625 0.03068749999999998 0.31256249999999997
3 0.92565625 0.7803749999999999 0.04554687500000014 0.42685416666666665
0 0.54065625 0.5934375000000001 0.015453124999999979 0.17845833333333327
4 0.35171874999999997 0.5728125 0.058218749999999986 0.08018750000000002
5 0.7171093749999999 0.5819375 0.07960937500000007 0.10793750000000006
6 0.4114375 0.6575624999999999 0.013109374999999979 0.1261041666666666
2 0.493953125 0.6601250000000001 0.008484374999999923 0.11683333333333341
6 0.586375 0.67325 0.016203125000000006 0.15850000000000009
2 0.574234375 0.6359583333333333 0.007062499999999972 0.08081249999999993
2 0.6586093749999999 0.6578125 0.005406250000000057 0.12145833333333324
2 0.9829062499999999 0.8478541666666667 0.02403125000000017 0.30010416666666656
6 0.7963749999999999 0.7780833333333333 0.025343749999999953 0.2295416666666668
6 0.505203125 0.6387916666666666 0.003015624999999922 0.10302083333333342