4 0.16646875000000003 0.267625 0.14903125 0.1826875
5 0.9215781249999999 0.2964791666666667 0.13882812499999986 0.19391666666666663
0 0.58984375 0.3173125 0.030656250000000006 0.34614583333333326
2 0.25090625 0.5476666666666666 0.006609375000000028 0.11458333333333333
6 0.129203125 0.5472708333333334 0.014421874999999983 0.13462500000000002
2 0.34315625 0.5368541666666666 0.008406249999999994 0.09135416666666671
6 0.380109375 0.5685 0.010218750000000032 0.12100000000000002
6 0.68809375 0.6378125 0.020437500000000063 0.1826875000000001
6 0.805890625 0.5733125 0.013218750000000057 0.11779166666666666
6 0.8302343750000001 0.6117708333333333 0.010218749999999943 0.15625
2 0.9429062500000001 0.6846875 0.014421875000000028 0.23637500000000009
2 0.9657500000000001 0.5945416666666666 0.014421875000000028 0.13141666666666668