2 0.16259375 0.29752083333333335 0.108390625 0.4518125
4 0.338875 0.15560416666666665 0.095703125 0.12110416666666665
5 0.84278125 0.1608125 0.09375 0.12629166666666666
1 0.56103125 0.1484375 0.016593750000000008 0.21875
3 0.953328125 0.2981875 0.090234375 0.4322916666666667
0 0.34228125 0.3789166666666667 0.022468749999999992 0.1640625
0 0.400875 0.34439583333333335 0.018562499999999992 0.12370833333333332
6 0.129390625 0.3880208333333333 0.028312500000000008 0.17447916666666666
6 0.24609375 0.35220833333333335 0.02734375 0.13152083333333334
0 0.435546875 0.3125 0.009562500000000007 0.08308333333333333
6 0.323 0.32747916666666665 0.019906250000000014 0.13622916666666665
6 0.535640625 0.37466666666666665 0.011156249999999979 0.21029166666666665