6 0.4375 0.6920625 0.0234375 0.196625
6 0.489265625 0.6627708333333333 0.01953125 0.16666666666666666
6 0.564453125 0.8326875 0.02734375 0.2617291666666667
6 0.726078125 0.7454375 0.030281249999999992 0.21225
3 0.24228125 0.7063541666666667 0.02109375 0.3511249999999999
5 0.085890625 0.5501458333333333 0.072328125 0.09902083333333328
2 0.01415625 0.6580833333333334 0.012046875000000002 0.13887499999999994
6 0.11957812500000001 0.6672291666666667 0.010875000000000013 0.13316666666666657
6 0.1540625 0.6077083333333333 0.009609375000000009 0.08935416666666664
6 0.204546875 0.6389375 0.008984375 0.12170833333333325
2 0.389765625 0.7588125 0.01693749999999996 0.22264583333333335
6 0.273125 0.7254791666666667 0.026968749999999986 0.20449999999999993
2 0.596609375 0.7116666666666667 0.014218750000000035 0.17520833333333338